[app/ui]
version = 6.2.3
modtime = 1432993872.996479000

[app/launcher]
version = 6.2.3
modtime = 1432993872.998419000
